3 3
15 3
16 3
16 15
16 17
16 18
16 19
16 20
16 40
16 22
16 21
16 23
16 24
16 25
16 26
17 3
17 40
18 3
18 40
18 15
18 17
18 16
18 19
18 21
18 20
18 22
18 23
18 25
18 24
18 26
18 28
18 31
18 29
19 3
20 3
20 40
20 15
20 16
20 19
20 17
20 18
20 21
20 22
21 3
21 20
21 15
21 16
21 19
21 23
21 18
22 25
22 40
22 3
22 18
22 20
22 21
22 15
22 19
22 23
23 3
23 20
23 18
23 22
23 21
23 26
23 24
23 40
23 40
24 3
24 16
24 20
24 40
24 18
24 22
24 23
24 26
24 21
25 3
25 16
25 20
25 18
26 3
26 20
26 22
26 23
26 17
26 18
26 16
26 15
26 21
26 28
26 40
26 19
26 31
26 24
26 29
27 3
28 3
28 16
28 18
28 26
28 21
29 3
29 18
29 40
29 21
30 3
31 3
31 16
31 18
31 21
31 22
31 23
31 29
32 3
33 3
34 3
34 40
35 3
35 40
36 3
36 16
36 18
36 16
36 16
36 21
36 40
37 16
37 3
40 3
41 3
41 37
42 3
42 37
