1 0.13253012048192772
2 0.1
3 0.0960698689956332
4 0.10407239819004524
5 0.14285714285714288
6 0.14285714285714288
7 0.16279069767441862
8 0.05263157894736841
9 0.03571428571428571
10 0.08629441624365483
11 0.021739130434782608
12 0.10000000000000002
13 0.1
14 0.018181818181818184
15 0.06896551724137931
16 0.04000000000000001
17 0.20588235294117643
18 0.1
19 0.03571428571428571
20 0.1
21 0.03571428571428572
22 0.2173913043478261
23 0.1
24 0.12195121951219513
25 0.1
26 0.06896551724137931
27 0.11267605633802816
28 0.1
29 0.027027027027027025
30 0.1
31 0.05970149253731344
32 0.06896551724137931
33 0.14285714285714288
34 0.3571428571428572
35 0.1
36 0.12903225806451613
37 0.05263157894736841
38 0.05263157894736841
39 0.1
40 0.12195121951219513
41 0.12195121951219513
42 0.0816326530612245
43 0.11764705882352942
44 0.1
45 0.1
46 0.1
47 0.1
48 0.05263157894736841
49 0.12195121951219513
50 0.05263157894736841
51 0.1818181818181818
52 0.47058823529411753
53 0.10000000000000002
54 0.05263157894736841
55 0.06896551724137931
56 0.03571428571428571
57 0.10891089108910892
58 0.15625
59 0.1
60 0.1
61 0.1
62 0.0735294117647059
63 0.25
64 0.06250000000000001
65 0.12621359223300968
66 0.10891089108910892
67 0.05263157894736841
68 0.03571428571428571
69 0.1
70 0.05263157894736841
71 0.1
72 0.1
73 0.03571428571428571
74 0.1
75 0.03571428571428571
76 0.02173913043478261
77 0.20588235294117643
78 0.1
79 0.1
80 0.05970149253731344
81 0.05263157894736841
82 0.03571428571428571
83 0.0847457627118644
84 0.14285714285714288
85 0.03571428571428571
86 0.1
87 0.0747663551401869
88 0.027027027027027025
89 0.1666666666666667
90 0.052631578947368425
91 0.06896551724137931
92 0.27999999999999997
93 0.05263157894736841
94 0.15094339622641512
95 0.1
96 0.1
97 0.1
98 0.12903225806451613
99 0.1
100 0.25
101 0.1
102 0.1
103 0.06250000000000001
104 0.03571428571428571
105 0.05263157894736841
106 0.10000000000000002
107 0.25
108 0.1
109 0.12195121951219513
110 0.1
111 0.1
112 0.1
113 0.1
114 0.07692307692307696
115 0.11158798283261805
116 0.3571428571428572
117 0.1
118 0.04929577464788732
119 0.136986301369863
120 0.1
121 0.03571428571428571
122 0.1
123 0.1
124 0.05263157894736841
125 0.14285714285714288
126 0.1
127 0.0898876404494382
128 0.14285714285714288
129 0.1
130 0.027027027027027025
131 0.1
132 0.1818181818181818
133 0.05263157894736841
134 0.1
135 0.1
136 0.1
137 0.1
138 0.05263157894736841
139 0.1
140 0.1
141 0.1
142 0.12903225806451613
143 0.03571428571428571
144 0.1
145 0.03571428571428571
146 0.1818181818181818
147 0.1
148 0.0816326530612245
149 0.027027027027027025
150 0.20588235294117643
151 0.06896551724137931
152 0.1
153 0.2173913043478261
154 0.07692307692307696
155 0.1
156 0.03571428571428571
157 0.1
158 0.06896551724137931
159 0.07692307692307696
160 0.0735294117647059
161 0.05263157894736841
162 0.1
163 0.1
164 0.05263157894736841
165 0.1
166 0.07692307692307696
167 0.1
168 0.03571428571428572
169 0.04545454545454546
170 0.1
171 0.07692307692307696
172 0.05263157894736841
173 0.1
174 0.0425531914893617
175 0.14285714285714288
176 0.03571428571428571
177 0.1
178 0.10000000000000002
179 0.14864864864864866
180 0.1
181 0.1
182 0.12903225806451613
183 0.1
184 0.1
185 0.0816326530612245
186 0.1
187 0.27999999999999997
188 0.136986301369863
189 0.027027027027027025
190 0.07692307692307696
191 0.08860759493670887
192 0.12903225806451613
193 0.052631578947368425
194 0.021739130434782608
195 0.10000000000000002
196 0.09210526315789475
197 0.25
198 0.05263157894736841
199 0.1
200 0.0898876404494382
201 0.1
202 0.1
203 0.1
204 0.1
205 0.05263157894736841
206 0.1818181818181818
207 0.0816326530612245
208 0.1818181818181818
209 0.15625
210 0.018181818181818184
211 0.10000000000000002
212 0.07692307692307696
213 0.1
214 0.08333333333333333
215 0.1
216 0.1
217 0.02409638554216868
218 0.1818181818181818
219 0.1
220 0.1
221 0.10000000000000002
222 0.1818181818181818
223 0.03571428571428571
224 0.1818181818181818
225 0.03571428571428571
226 0.1
227 0.05263157894736841
228 0.06896551724137931
229 0.11475409836065574
230 0.1
231 0.14285714285714288
232 0.05263157894736841
233 0.1
234 0.1
235 0.11475409836065574
236 0.1
237 0.05263157894736841
238 0.1
239 0.10000000000000002
240 0.07692307692307696
241 0.0816326530612245
242 0.1
243 0.10000000000000002
244 0.1
245 0.1
246 0.25
247 0.09482758620689656
248 0.1818181818181818
249 0.18181818181818185
250 0.1
251 0.1
252 0.1818181818181818
253 0.15625
254 0.1
255 0.1272727272727273
256 0.018181818181818184
257 0.05263157894736841
258 0.06896551724137931
259 0.1
260 0.1
261 0.25
262 0.1
263 0.1818181818181818
264 0.1
265 0.1
266 0.05263157894736841
267 0.11475409836065574
268 0.1
269 0.1818181818181818
270 0.1
271 0.0625
272 0.11267605633802816
273 0.2173913043478261
274 0.10937500000000001
275 0.11267605633802816
276 0.14285714285714288
277 0.07692307692307696
278 0.1
279 0.06896551724137931
280 0.1
281 0.14285714285714288
282 0.1
283 0.1818181818181818
284 0.1
285 0.1818181818181818
286 0.05263157894736841
287 0.03571428571428571
288 0.05263157894736841
289 0.1
290 0.1818181818181818
291 0.20588235294117643
292 0.10000000000000002
293 0.05263157894736841
294 0.1
295 0.14285714285714288
296 0.06896551724137931
297 0.1
298 0.1
299 0.03571428571428571
300 0.06896551724137931
301 0.06896551724137931
302 0.05263157894736841
303 0.1
304 0.1
305 0.1
306 0.1
307 0.1
308 0.12903225806451613
309 0.021739130434782608
310 0.1
311 0.1
312 0.07692307692307696
313 0.1
314 0.1
315 0.15625
316 0.1
317 0.1818181818181818
318 0.1
319 0.1
320 0.1
321 0.1
322 0.1818181818181818
323 0.1
324 0.1
325 0.1
326 0.1
327 0.1
328 0.1
329 0.1
330 0.1
331 0.1
332 0.1
333 0.1
334 0.1
335 0.1
336 0.1
337 0.1
338 0.1
339 0.10000000000000002
340 0.1
341 0.1
342 0.1
343 0.1
344 0.1
345 0.0425531914893617
346 0.1
347 0.1818181818181818
348 0.1
349 0.25
350 0.1
351 0.1
352 0.1
353 0.1
354 0.1
355 0.1
356 0.1
357 0.1
358 0.1
359 0.1
360 0.1
361 0.1
362 0.1
363 0.1
364 0.1
365 0.1
366 0.1
367 0.05263157894736841
368 0.1
369 0.027027027027027025
370 0.07692307692307696
371 0.10596026490066225
372 0.1
373 0.14285714285714288
374 0.1
375 0.05263157894736841
376 0.03571428571428571
377 0.06896551724137931
378 0.10000000000000002
379 0.0847457627118644
380 0.12195121951219513
381 0.05263157894736841
382 0.1
383 0.1
384 0.1
385 0.06250000000000001
386 0.1
387 0.1
388 0.1
389 0.1
390 0.027027027027027025
391 0.03571428571428571
392 0.1
393 0.1
394 0.05263157894736841
395 0.1
396 0.1818181818181818
397 0.1
398 0.1
399 0.1
400 0.1
401 0.1
402 0.1818181818181818
403 0.30769230769230776
404 0.1
405 0.06896551724137931
406 0.1818181818181818
407 0.12903225806451613
408 0.10000000000000002
409 0.05263157894736841
410 0.1
411 0.12195121951219513
412 0.05263157894736841
413 0.1
414 0.14285714285714288
415 0.0816326530612245
416 0.05263157894736841
417 0.1
418 0.05263157894736841
419 0.1
420 0.15625
421 0.1
422 0.1818181818181818
423 0.05263157894736841
424 0.1
425 0.1
426 0.05263157894736841
427 0.03571428571428571
428 0.30769230769230776
429 0.10989010989010987
430 0.1
431 0.1
432 0.1
433 0.1
434 0.1
435 0.1
436 0.1
437 0.1
438 0.1
439 0.1
440 0.1
441 0.1
442 0.1
443 0.1
444 0.1
445 0.1
446 0.1
447 0.1
448 0.1
449 0.1
450 0.1
451 0.1
452 0.1
453 0.1
454 0.1
455 0.1
456 0.1
